0.0898465
0.748224
0.237057
0.276619
0.378992
0.143581
0.282525
0.223026
0.383245
0.297227
0.135307
0.301986
0.622331
0.215641
0.640821
0.49405
0.233298
0.192748
0.400287
0.347852
0.2399
0.27164
0.575454
0.390229
0.704358
0.214972
0.637149
0.143612
0.431923
0.168495
0.206283
0.28221
0.388355
0.389569
0.27063
0.218013
0.489863
0.418622
0.132992
0.28546
0.197336
0.297793
0.238093
0.563356
0.586687
0.111698
0.389409
0.124868
0.592229
0.411746
0.375342
0.337283
0.612887
0.660471
0.280936
0.172136
0.141627
0.229103
0.139673
0.703882
0.208613
0.279896
0.113475
0.334882
0.562987
0.603083
0.278314
0.461457
0.426443
0.637919
0.303559
0.169176
0.325691
0.586535
0.647029
0.368853
0.217452
0.662674
0.334667
0.311106
0.318251
0.363974
0.29708
0.171951
0.171642
0.110664
0.339225
0.350139
0.294615
0.31362
0.321396
0.17684
0.580832
0.182716
0.201975
0.119168
0.645485
0.119783
0.463759
0.146127
0.579892
0.183555
0.12054
0.133548
0.418511
0.269438
0.196609
0.118864
0.127901
0.364875
0.263373
0.253871
0.499736
0.349096
0.571133
0.120656
0.166068
0.473327
0.362886
0.460569
0.561729
0.0900222
0.647047
0.257197
0.118592
0.433597
0.181945
0.317168
0.231758
0.173971
0.160191
0.386506
0.440564
0.144994
0.164601
0.154787
0.15387
0.250163
0.430128
0.161943
0.337972
0.497598
0.494738
0.326862
0.203784
0.200473
0.341346
0.23476
0.246861
0.276558
0.609341
0.172391
0.176977
0.359087
0.28175
0.176774
0.596531
0.331687
0.354696
0.379508
0.301948
0.194207
0.612183
0.24643
0.29086
0.328952
0.334218
0.172568
0.491318
0.382632
0.17317
0.15292
0.138805
0.188997
0.176515
0.425742
0.444019
0.277106
0.699427
0.566808
0.308567
0.371966
0.585138
0.115488
0.591172
0.328367
0.565479
0.243184
0.404209
0.252905
0.273083
0.247388
0.233817
0.244836
0.309575
0.223387
0.402589
0.348661
0.256174
0.401581
0.319225
0.237096
0.572183
0.577733
0.2815
0.251516
0.359584
0.244676
0.651314
0.130574
0.246285
0.212122
0.247955
0.479161
0.455644
0.465211
0.27789
0.246636
0.613109
0.204346
0.480016
0.285911
0.659884
0.197515
0.455683
0.431895
0.210846
0.301434
0.193539
0.299926
0.257979
0.534914
0.163585
0.118356
0.341382
0.180942
0.298369
0.192338
0.510707
0.576045
0.58893
0.524019
0.317907
0.162581
0.222305
0.324959
0.563264
0.252018
0.395625
0.331672
0.549931
0.167004
0.419994
0.204586
0.215527
0.181293
0.10896
0.159564
0.494398
0.216645
0.206739
0.2515
0.51573
0.362386
0.254696
0.146152
0.292764
0.200077
0.37642
0.159621
0.427129
0.120013
0.590546
0.310582
0.175699
0.512558
0.250091
0.221584
0.220774
0.214492
0.425712
0.199156
0.413365
0.347735
0.400258
0.269567
0.186649
0.366219
0.444174
0.170988
0.232167
0.351705
0.200332
0.372506
0.170545
0.139844
0.522162
0.1982
0.167386
0.189424
0.249075
0.470851
0.350163
0.2619
0.33333
0.581245
0.420951
0.236552
0.411353
0.345842
0.183651
0.215735
0.233627
0.348086
0.617899
0.302921
0.291644
0.257477
0.213947
0.281055
0.189798
0.326475
0.408444
0.2805
0.484938
0.201956
0.709852
0.280945
0.190833
0.341617
0.567152
0.402857
0.198215
0.335955
0.14452
0.386429
0.349125
0.258862
0.248219
0.202661
0.31261
0.144105
0.227349
0.63538
0.229275
0.352136
0.267707
0.450646
0.352062
0.576674
0.637044
0.19331
0.242384
0.305983
0.367743
0.350798
0.607302
0.159959
0.139576
0.272702
0.2482
0.543159
0.522454
0.160765
0.519318
0.395659
0.155176
0.371198
0.550032
0.252131
0.311079
0.628238
0.425911
0.306771
0.551985
0.533446
0.401197
0.356838
0.322157
0.267704
0.123574
0.107185
0.413873
0.383292
0.328682
0.494713
0.174636
0.252149
0.183125
0.270081
0.383573
0.716303
0.363614
0.39764
0.168908
0.599745
0.146059
0.556621
0.191059
0.113564
0.612439
0.285501
0.573781
0.189096
0.33835
0.423975
0.244928
0.413589
0.407679
0.367057
0.275688
0.521561
0.473042
0.168142
0.598189
0.215598
0.134329
0.153543
